84832
161070
206679
245534
326974
327871
371902
468311
541004
580546
629406
710348
744527
752146
807369
860488
909797
966157
992039
1064270
1114395
1207416
1248617
1290776
1371309
1442850
1443077
1516056
1615994
1616171
1629257
1662254
1699604
1744375
1779592
1780319
1800152
1807239
1819337
1900442
1961290
2013825
2071279
2156100
2232199
2266665
2364309
2438471
2527921
2578931
2653553
2664116
2682465
2707002
2718382
2746316
2842238
2921394
2974063
3004394
3019713
3053699
3075281
3132439
3231047
3248097
3253448
3344969
3357105
3430952
3438543
3521142
3606392
3670234
3729450
3826066
3850342
3886540
3903304
3978461
3998604
4065879
4130270
4196873
4273781
4372926
4464918
4557158
4618514
4640772
4710295
4737880
4769401
4789503
4866957
4874315
4921918
4997866
5014613
5037378
5092359
5120958
5218805
5256156
5296346
5322119
5413873
5504465
5586067
5611360
5640318
5641731
5681552
5705440
5788306
5791262
5882489
5935465
5981714
6078628
6147659
6159056
6227911
6293319
6317867
6374007
6377806
6432534
6518859
6582754
6604413
6679652
6724410
6785870
6823329
6894383
6952247
7003796
7066518
7107302
7141102
7233124
7258901
7294424
7297906
7377406
7447304
7542599
7581714
7675382
7755860
7769518
7847385
7863431
7869516
7903865
7978423
8056028
8154113
8181009
8201107
8236299
8317983
8319505
8400749
8461274
8466133
8504821
8585345
8632952
8672046
8703725
8802067
8860657
8871453
8965921
8988535
9032376
9054865
9106110
9138235
9196396
9288942
9313760
9331874
9399378
9455018
9488351
9502604
9575703
9617416
9685888
9775735
9779648
9810478
9819812
9839613
9925419
9984647
10021714
10076683
10146323
10197058
10254753
10287467
10366063
10380239
10387951
10434656
10478195
10548790
10552712
10642671
10680927
10733793
10807073
10829493
10882810
10896943
10941286
11001997
11062688
11108213
11165491
11256267
11295360
11337030
11361873
11397589
11407800
11481498
11533073
11578848
11622711
11656699
11745186
11749475
11812622
11903865
11956677
12025825
12120503
12220116
12288570
12324874
12390744
12407382
12476532
12482238
12493232
12536168
12615170
12710498
12750293
12761652
12839834
12930887
12971170
12999182
13061300
13156725
13251379
13276184
13344315
13407059
13484831
13499226
13575635
13600233
13626773
13656195
13667780
13681231
13775115
13777381
13844315
13923989
13983050
14059890
14136984
14230325
14316354
14381917
14426788
14485833
14537273
14611781
14626562
14688972
14720343
14807367
14900022
14917557
14957321
15031724
15091925
15134072
15192844
15246670
15305410
15390792
15471484
15524912
15586816
15640399
15641578
15704238
15790332
15882903
15921983
15935576
16011561
16039916
16077183
16163422
16165359
16238600
16276670
16330108
16352643
16364858
16376725
16378421
16384452
16391338
16486968
16548587
16605007
16621354
16712881
16807276
16871732
16910307
16965127
16965949
17020356
17082623
17178880
17195811
17238284
17279515
17289310
17315609
17351177
17389113
17411156
17419742
17447317
17459238
17474917
17535143
17544535
17613306
17668536
17710985
17776650
17782807
17876524
17955495
18000083
18047818
18141346
18175942
18259599
18274992
18332175
18358250
18379187
18449015
18512370
18517924
18546205
18609496
18667228
18719598
18734537
18749707
18818870
18837497
18924691
18949661
19014451
19084339
19132663
19181232
19273111
19319624
19364943
19406672
19428243
19498951
19593652
19603510
19620841
19717938
19748995
19786566
19848348
19861440
19862388
19923564
20014271
20017797
20072129
20167109
20220252
20236379
20315611
20353853
20397968
20449502
20531559
20585935
20670034
20670869
20695342
20767632
20799009
20871198
20949683
21024476
21105236
21197097
21250281
21346200
21428241
21488075
21587804
21667770
21705729
21710370
21801927
21819330
21861277
21880389
21900122
21976864
22053423
22068258
22083283
22126481
22136669
22139809
22188931
22255699
22329284
22335593
22416994
22498197
22554770
22612131
22687849
22744479
22799345
22878244
22974445
23009204
23039494
23099911
23186808
23262894
23271301
23274651
23285680
23303840
23333244
23394259
23405262
23419248
23501902
23578446
23644845
23722586
23782754
23873055
23877937
23934298
23952146
23961617
24033181
24118501
24173379
24182360
24265371
24344223
24387367
24418480
24493553
24494336
24532106
24629845
24654893
24662557
24762140
24842592
24893644
24968837
25065044
25097953
25118004
25175548
25268271
25326591
25389687
25422053
25498108
25537923
25612613
25617795
25676274
25701262
25744519
25770014
25800714
25884452
25977609
26030646
26069945
26120389
26123280
26144932
26146054
26161259
26201015
26221617
26304430
26368291
26371048
26417245
26447521
26511912
26524478
26566851
26570906
26626053
26704784
26745503
26750569
26839413
26848056
26922834
26967661
27014713
27096546
27186819
27285075
27350083
27442676
27473282
27547271
27627174
27653195
27711594
27794663
27892684
27906649
27945840
27952828
27958600
28030973
28055830
28134452
28205188
28272313
28304070
28388645
28425381
28484669
28491968
28557845
28573672
28623156
28664311
28736425
28772456
28808079
28863364
28929135
28968089
29002923
29064348
29065266
29102129
29155659
29191121
29217433
29220790
29311676
29387306
29399162
29427927
29504700
29574646
29597291
29627060
29660448
29715408
29781622
29820234
29838598
29931785
29972767
30014896
30086668
30182809
30194029
30268029
30336087
30362382
30392601
30404479
30427348
30466253
30489255
30522579
30523531
30563627
30602705
30604847
30658567
30658849
30733127
30745293
30772212
30852717
30870674
30967935
31051638
31085189
31172338
31251615
31255756
31327788
31408373
31440032
31480502
31501926
31528371
31567906
31650265
31716638
31748267
31769397
31854252
31879575
31958528
32038650
32070305
32113438
32130936
32220291
32245461
32306408
32324122
32354808
32398063
32411817
32498000
32514198
32530434
32593834
32674486
32704558
32784541
32785770
32880229
32975743
33050748
33140351
33183056
33231899
33286519
33374092
33387371
33467262
33467320
33507918
33579641
33616201
33688961
33704713
33790976
33874989
33896081
33979690
33990858
34007643
34041660
34140669
34144677
34199897
34234857
34277273
34330157
34344306
34384434
34456107
34528124
34564965
34651478
34700369
34733415
34734095
34779997
34806806
34842613
34931795
34942717
34971469
35050434
35069625
35086370
35172429
35226185
35288767
35331130
35364599
35395299
35423634
35472682
35536799
35565666
35616664
35646467
35733427
35824514
35868589
35873655
35935225
35949533
36038941
36123040
36217501
36281541
36305067
36358523
36383754
36467272
36494873
36539734
36616350
36628711
36628847
36663659
36694469
36752176
36782295
36823729
36914058
36976178
37014063
37015946
37022738
37050072
37053147
37128376
37195127
37238565
37302728
37317047
37358377
37458313
37549796
37556319
37637829
37661639
37707181
37783181
37845067
37933949
37986950
37998235
38010554
38048043
38117878
38158735
38196185
38224597
38260461
38306068
38377039
38430962
38468946
38538681
38618989
38709261
38728744
38741103
38782360
38831567
38868760
38896359
38955758
38980723
39035947
39102687
39166266
39245882
39255549
39261035
39348870
39415205
39445444
39515638
39552020
39614881
39628942
39688491
39744169
39784605
39841647
39868972
39940846
39948458
40033776
40088113
40109355
40203689
40238231
40286859
40315968
40371486
40408960
40423298
40450043
40471204
40480367
40573686
40608582
40631643
40675272
40695484
40759871
40760000
40821469
40898117
40976596
41051175
41068754
41092305
41100362
41126301
41151328
41217874
41311727
41339240
41376334
41384178
41474912
41519246
41600339
41690264
41699053
41715942
41799907
41880585
41908472
41967646
41994991
42029145
42030298
42084632
42137893
42219703
42314354
42374962
42420368
42516086
42549128
42576406
42644447
42692225
42767238
42821021
42874287
42967377
43043885
43064583
43137726
43190173
43259443
43301275
43320707
43391579
43401065
43461559
43463646
43473099
43500917
43526913
43591019
43659647
43669698
43713629
43727318
43784107
43821881
43835047
43869350
43938262
43996725
44040134
44123357
44187573
44200647
44218585
44218699
44249251
44268945
44364305
44384139
44414698
44438285
44503919
44583897
44606899
44685620
44724936
44760118
44781936
44877466
44963145
45015739
45104620
45182176
45234158
45258724
45329296
45393660
45424137
45442659
45510647
45559862
45624374
45710407
45748567
45839734
45887344
45959284
45965423
46018889
46051481
46078836
46157451
46235980
46264449
46324981
46383751
46454300
46514524
46568601
46633458
46701417
46724791
46758838
46794232
46834970
46902341
46974411
46978845
47067764
47161422
47242089
47249176
47274486
47340842
47344502
47389847
47427946
47525088
47623094
47637999
47705527
47751665
47757247
47768130
47839948
47862997
47922449
48015496
48056013
48147721
48239930
48269104
48336873
48360134
48414373
48449325
48477461
48525085
48560112
48610753
48688296
48769470
48816293
48892301
48911474
48926249
48975269
49021105
49053602
49124698
49155135
49188963
49244741
49336123
49352430
49446184
49452594
49523269
49585634
49675279
49686161
49714504
49736509
49742543
49816750
49853989
49891737
49917215
49999043
50032807
50052026
50054915
50133212
50168785
50182350
50222088
50237983
50303315
50312080
50325983
50383762
50423241
50461609
50508222
50603712
50696421
50780763
50821913
50872942
50876955
50879698
50889582
50935108
51016798
51031019
51120961
51147225
51180930
51259193
51260437
51262690
51341652
51375938
51398107
51487798
51563928
51660800
51678996
51773525
51797096
51854739
51871815
51910540
52001741
52056416
52087634
52147773
52174397
52192666
52263419
52278356
52299111
52342250
52416905
52477378
52492927
52565019
52608418
52616590
52644983
52687020
52782107
52850998
52916600
52936561
53007797
53036334
53047126
53109419
53204119
53238773
53276590
53330137
53411726
53479575
53556246
53635119
53701607
53722058
53797670
53801321
53866651
53893061
53913879
54013169
54058472
54118811
54144721
54186130
54256478
54277032
54356861
54445486
54510988
54598541
54698378
54754069
54785668
54792454
54828677
54895619
54960142
55034158
55113396
55128132
55202610
55263187
55295048
55315510
55323552
55364010
55455288
55498662
55587660
55644043
55730898
55778924
55875211
55911524
55963393
55979887
56060883
56077336
56084863
56100863
56118065
56209151
56303950
56317008
56414030
56443373
56460601
56480199
56555068
56617038
56683839
56692312
56692856
56769708
56790621
56800895
56854959
56919899
56992471
56995441
57034547
57088354
57098596
57113212
57148555
57211018
57307007
57349334
57406436
57489132
57525349
57550436
57585140
57633998
57703089
57796973
57805264
57827019
57886057
57974810
58037750
58088588
58130136
58190766
58227546
58319562
58390963
58415715
58457704
58516367
58575265
58629756
58727467
58788541
58874983
58895363
58917374
58926054
59014122
59029124
59104098
59140919
59184816
59201187
59269337
59280979
59288747
59347592
59415148
59509799
59576449
59593261
59677814
59690422
59696138
59754782
59772962
59827932
59897087
59975054
59996834
60070092
60121773
60165411
60238836
60245734
60280585
60289002
60327228
60402753
60417656
60418712
60444445
60517522
60557900
60644338
60696289
60748569
60779949
60813678
60824768
60886853
60913739
60974161
60975095
61028095
61105887
61188278
61234678
61306872
61344962
61363037
61378839
61450372
61484408
61497257
61586492
61659795
61739216
61801890
61830155
61899464
61965650
62017508
62064930
62131902
62151446
62165133
62175303
62256294
62279005
62353562
62441612
62536475
62593892
62674870
62764265
62846002
62914087
62983468
62985809
63053504
63102352
63151487
63215995
63273932
63283683
63333830
63350015
63399246
63426947
63513054
63539290
63625043
63704090
63749072
63801576
63893313
63958648
64003690
64077947
64121911
64140134
64235026
64315943
64363872
64419864
64490989
64567732
64579028
64678591
64732435
64816029
64851955
64907347
64932093
65025926
65123730
65207224
65213012
65284530
65343012
65347472
65349968
65427221
65466201
65475407
65536622
65547043
65584633
65647502
65666028
65742237
65839438
65890586
65975022
66054663
66142424
66152744
66250069
66328532
66392182
66437189
66487817
66502946
66532832
66591395
66603930
66671047
66683085
66717635
66719457
66738975
66787203
66845472
66916447
66921445
66955604
67028745
67104477
67185751
67212779
67312608
67401246
67408860
67503939
67587513
67641669
67658516
67678296
67768897
67862469
67959335
67980555
67994982
68047485
68060430
68134379
68197300
68221550
68262401
68358370
68390507
68476196
68518923
68526711
68558485
68611453
68613964
68619718
68619936
68637366
68681695
68727152
68766672
68829649
68917060
68924786
68948171
69028160
69065357
69123089
69182198
69256122
69321541
69355540
69394382
69469500
69477893
69526423
69616097
69708111
69726237
69756941
69842639
69901106
70000556
70058446
70122875
70157429
70205989
70291810
70385416
70426418
70522522
70585171
70620868
70639081
70684176
70696751
70729501
70785684
70812834
70858762
70892672
70986235
71018350
71078915
71145334
71237756
71297350
71374236
71464314
71470155
71489602
71532769
71551071
71625456
71634031
71637348
71656840
71699462
71779653
71864825
71867101
71882556
71973801
71978434
72001185
72021029
72027441
72109952
72199197
72273568
72319381
72346996
72369302
72396276
72432611
72452473
72515320
72570722
72584185
72681990
72769767
72830513
72877957
72938119
73022564
73039776
73090515
73153692
73191027
73268150
73293788
73337077
73352066
73446057
73531804
73561681
73647841
73725368
73746741
73800783
73855917
73937818
74030493
74031074
74103358
74159282
74231902
74236717
74268393
74335947
74347211
74441553
74464772
74560237
74609249
74698917
74789947
74848823
74888036
74953339
74962771
75022457
75028852
75124092
75165804
75254791
75313978
75326966
75388314
75406555
75449964
75511854
75572188
75646994
75651011
75715125
75779842
75841947
75895452
75922665
75931988
75944744
75965102
75970141
76042891
76121271
76152322
76234025
76323280
76331058
76391953
76410714
76439682
76513718
76522287
76531692
76577967
76621199
76690404
76718846
76754038
76781526
76845208
76915503
76921220
76980088
77015979
77070811
77093900
77139014
77211582
77311033
77316531
77342989
77380705
77467584
77561077
77593148
77599222
77629665
77696912
77785695
77841653
77864302
77939728
78024436
78088463
78106209
78172449
78268932
78355640
78431822
78446423
78494853
78563812
78622219
78631051
78695229
78727555
78823452
78832210
78850759
78946487
78972600
79020395
79089386
79148681
79239171
79330359
79363689
79395708
79453664
79527555
79600585
79687447
79704350
79780434
79864277
79880896
79887815
79920110
80005067
80010020
80099940
80119003
80202857
80283300
80315290
80362007
80450023
80535142
80611696
80677864
80720620
80729805
80789569
80829988
80872482
80911532
80964558
80973509
81026335
81090787
81182195
81261244
81314132
81404534
81497520
81583471
81599290
81697163
81724272
81801081
81866546
81908203
81929914
81979236
82058349
82154164
82252249
82287615
82329785
82372387
82456827
82493757
82544475
82582992
82584434
82671786
82712082
82797007
82817897
82916686
82973611
83018917
83052211
83110721
83206747
83300610
83320739
83391432
83469463
83556432
83616344
83662448
83757108
83799205
83895297
83943439
84004645
84021028
84104280
84138793
84194376
84266188
84352482
84435890
84523623
84608765
84633362
84714989
84763794
84831849
84914113
85013800
85046479
85075668
85130762
85195051
85227151
85260089
85353355
85357357
85441773
85463700
85513108
85528494
85556988
85562624
85577180
85601953
85643424
85716951
85815551
85845893
85885402
85941945
85953699
85982655
86065096
86086761
86170623
86206884
86284453
86360009
86393125
86443319
86499015
86506824
86516725
86523641
86619272
86687434
86730574
86747672
86755453
86764680
86808757
86871057
86966617
87017348
87057277
87138629
87145799
87243250
87341326
87400811
87435839
87528662
87538022
87593614
87639292
87667382
87700510
87778997
87866562
87889577
87950543
88050006
88055026
88058434
88062881
88115749
88174080
88211110
88244103
88316381
88398119
88490324
88562896
88622079
88690212
88692900
88705867
88737666
88773965
88792125
88861708
88896156
88955288
89005174
89087408
89111712
89193715
89271811
89327377
89357163
89426722
89501703
89598033
89598542
89650584
89678659
89699852
89736485
89755345
89802850
89891467
89957935
89986649
89999997
90017548
90037712
90095875
90192850
90244174
90270614
90349144
90392002
90422409
90449982
90532957
90558703
90626147
90652558
90746750
90830412
90870192
90954553
91035797
91063905
91152660
91180522
91274713
91363174
91458450
91525403
91601247
91611929
91615779
91670444
91723979
91804050
91844601
91934724
92001547
92006955
92062827
92071171
92155466
92248886
92304275
92316775
92402476
92429642
92442292
92469172
92507651
92584103
92673126
92703646
92760356
92817946
92849123
92885297
92976318
93003144
93067837
93164022
93253453
93333419
93432985
93433397
93515644
93520138
93531031
93603075
93657537
93713195
93748461
93754144
93814880
93818198
93907539
93930612
94017171
94083352
94099156
94147151
94178286
94235928
94285634
94288833
94294651
94310549
94321524
94354849
94380395
94467379
94565858
94659389
94683889
94771383
94859753
94958494
95014727
95015073
95087343
95155230
95231215
95320444
95380504
95441969
95454479
95510891
95519578
95614275
95651403
95689902
95700876
95778164
95858280
95944009
96009424
96083008
96090596
96092009
96102280
96190862
96256657
96274815
96353217
96420338
96420542
96425829
96477627
96499866
96518408
96594036
96644303
96727767
96792619
96883897
96910598
96926143
96947886
96991263
97083084
97143557
97205691
97300965
97399573
97405333
97431656
97500220
97587053
97633723
97647153
97726416
97784100
97836969
97861049
97867868
97958690
98007727
98107089
98143061
98186482
98278847
98311546
98313393
98380530
98441959
98454884
98546944
98589721
98649543
98701016
98750556
98790345
98841639
98862310
98962024
99045143
99051038
99131049
99146046
99162909
99238321
99331473
99338045
99420998
99424738
99490206
99553354
99642432
99737686
99802149
99860758
99906487
99986989
100066243
100085682
100089620
100128643
100139627
100142098
100159919
100182327
100232678
100327053
100375543
100427080
100466215
100512684
100611193
100643480
100673279
100690567
100751411
100851361
100864518
100915450
101011643
101082839
101120996
101206132
101226222
101292183
101331590
101333191
101344033
101438734
101451968
101481536
101575904
101598836
101633886
101680221
101717213
101761659
101800714
101885030
101927851
101937833
101956277
102040972
102098033
102152151
102176936
102197091
102224108
102309694
102350070
102441642
102456082
102556010
102588257
102597599
102683995
102728577
102735993
102741062
102750089
102817309
102879998
102946363
103030019
103042902
103105097
103120223
103172094
103212476
103302312
103341982
103376786
103450909
103454356
103525183
103606651
103677424
103690330
103713382
103765534
103828173
103841640
103925855
103947505
104039977
104074764
104142703
104157977
104174538
104274136
104314951
104383641
104446073
104470273
104530240
104611087
104618823
104642958
104645979
104693352
104765735
104790017
104837303
104916847
104934752
104945551
104959416
104977249
105051658
105090726
105095108
105181724
105275987
105315747
105365261
105447971
105483933
105499404
105591849
105641692
105671555
105739522
105758960
105761323
105796323
105892165
105927357
105930748
105964773
105976646
106013243
106049764
106132670
106207146
106235170
106245079
106303714
106391106
106423905
106518739
106526299
106593953
106671855
106705523
106745664
106843131
106928954
106951771
106977290
107044924
107134198
107159782
107186976
107194593
107272469
107304850
107383898
107417281
107512165
107513935
107516761
107610648
107710485
107758388
107818179
107850232
107941302
107982588
108034364
108088837
108166896
108202856
108224648
108275408
108321423
108339498
108408249
108419380
108516683
108519848
108540013
108629378
108681688
108712811
108761106
108830179
108907446
108982972
108997064
109021339
109115481
109121210
109191267
109246327
109286394
109299525
109361840
109432048
109468582
109558164
109563346
109649110
109731026
109799031
109815673
109823935
109880028
109951826
110020581
110030179
110105650
110138538
110141335
110224306
110319025
110368617
110421270
110493503
110559297
110589005
110592694
110646906
110730173
110737093
110807412
110810978
110818116
110834873
110907050
110986905
111074356
111078070
111168387
111175320
111264657
111320700
111348522
111385373
111410984
111415215
111466408
111538887
111562298
111606817
111663131
111679037
111775916
111835600
111892412
111912324
111951062
112002690
112024918
112067237
112133979
112140666
112236079
112264823
112312473
112350999
112368962
112427142
112500429
112534694
112567489
112653727
112671154
112748635
112750495
112793542
112865041
112893704
112902976
113002336
113083736
113156154
113167980
113267684
113270913
113368064
113452772
113497267
113507727
113527356
113573734
113632828
113656014
113733445
113765052
113849675
113867484
113927154
113972074
114008975
114031481
114061042
114097792
114139191
114214014
114302848
114337276
114363917
114373115
114425627
114455825
114486249
114492935
114503695
114585813
114646153
114695315
114734827
114793585
114861582
114944834
115028028
115080464
115114751
115207971
115274342
115357978
115434665
115469604
115477483
115533769
115619303
115717602
115723325
115783844
115834197
115899052
115929805
115943191
115974154
116002618
116078143
116110482
116130686
116141078
116155908
116182505
116243828
116249054
116305324
116353574
116422878
116448756
116524337
116591225
116642648
116685532
116693600
116774172
116865680
116934269
116975056
116989260
117043948
117107948
117198197
117270278
117331457
117423792
117461677
117514851
117528403
117590213
117661977
117730749
117762618
117764095
117824053
117861084
117921198
117963046
118048099
118145244
118215265
118261010
118360658
118448034
118520924
118556320
118650295
118715485
118715997
118784942
118880921
118884034
118977679
118979290
119050496
119061260
119117844
119215264
119293954
119315523
119369603
119393543
119422691
119512766
119612027
119663753
119709583
119790602
119840694
119882044
119927254
119964607
120059286
120112866
120212331
120256427
120286842
120317883
120329798
120425820
120477134
120550304
120552657
120645366
120675874
120750096
120804034
120865033
120903608
120930375
120942620
121041597
121117238
121131908
121133607
121138171
121154053
121183211
121278740
121348207
121354727
121356862
121440211
121536973
121549888
121621625
121640691
121719370
121722300
121751899
121843252
121935456
121959377
122025942
122092758
122121789
122132427
122216366
122314038
122398974
122466799
122498450
122501437
122580434
122625924
122680371
122775046
122842849
122901512
122947144
122995031
123020176
123072749
123154689
123193024
123225988
123245321
123282255
123370058
123430628
123464536
123516686
123517433
123607079
123660532
123755341
123812904
123844729
123933459
123977806
124059637
124111564
124177809
124195734
124256313
124299220
124387773
124486841
124575918
124669030
124723760
124732426
124811886
124900297
124959035
124969486
125051561
125118003
125169220
125211171
125291236
125336457
125380718
125473762
125494297
125593948
125648591
125736024
125779679
125817146
125903939
125949005
125971859
126012433
126058125
126079561
126134545
126219381
126243908
126284356
126376650
126438626
126503493
126523264
126619904
126640159
126720199
126721591
126765860
126831141
126831680
126840121
126894760
126917165
126938492
126980504
127051982
127128497
127200998
127269070
127273640
127298728
127305970
127368125
127453337
127457444
127508554
127517190
127542781
127612284
127684541
127720692
127764642
127804760
127830901
127841621
127923956
127926853
127961887
128006451
128080927
128092381
128118982
128168108
128209152
128297888
128371728
128453556
128507845
128590747
128648465
128717396
128718991
128802786
128862958
128941717
128961426
129013033
129107280
129173632
129215410
129315291
129342283
129368183
129418696
129502181
129586206
129674313
129679225
129692071
129782454
129813947
129827189
129890228
129918638
129994167
130031834
130099237
130118389
130142288
130174679
130266226
130311517
130397596
130491676
130537737
130560568
130574497
130662706
130708335
130773707
130843003
130878751
130934215
130984390
131055156
131102425
131169755
131257572
131300000
131329922
131429364
131509351
131557746
131633020
131663482
131688547
131773492
131794548
131820242
131855676
131880907
131976695
132022578
132046652
132050835
132113934
132119328
132181065
132277567
132308176
132357806
132443032
132525888
132616050
132713680
132760949
132845492
132945190
133042734
133062166
133076951
133151590
133194119
133251852
133300573
133392609
133459684
133558700
133591717
133636318
133727881
133797698
133872962
133890393
133962277
134046582
134096157
134148440
134196935
134202515
134267406
134313582
134374162
134388856
134480599
134543468
134570323
134655452
134748455
134822383
134896968
134920887
134963467
135034918
135112910
135133145
135181693
135280538
135355763
135394178
135436390
135491569
135517272
135610177
135672330
135704825
135771157
135861432
135920969
136018529
136067191
136141817
136158203
136219252
136235784
136334993
136413749
136472043
136508067
136589146
136687608
136742880
136747235
136807607
136809052
136827552
136850155
136865933
136879034
136908011
136958817
137022616
137048716
137071878
137132671
137207201
137236005
137335563
137352150
137439929
137464312
137538852
137545360
137605507
137672077
137731160
137806189
137807952
137907463
137919922
137992739
138026131
138081886
138123747
138163746
138207097
138233243
138268994
138269972
138275785
138343244
138420498
138475289
138568049
138617483
138639651
138707259
138749283
138778429
138850739
138898765
138904258
138963815
138987100
139032858
139118200
139199195
139254322
139272590
139313529
139376383
139433781
139512476
139528162
139588905
139642490
139649514
139709974
139804140
139853566
139869103
139915725
139930259
139998357
140087448
140152404
140240186
140282612
140302421
140376058
140407964
140429904
140462283
140531404
140540815
140579713
140640479
140645445
140680325
140707462
140748282
140765469
140783180
140859345
140860808
140895246
140902906
140960747
141014253
141042880
141044023
141120064
141158253
141207681
141242890
141274511
141304095
141336602
141376995
141422431
141447042
141525379
141617954
141680777
141767501
141833454
141856067
141879498
141973434
141985209
142041516
142102884
142196883
142271672
142306155
142356311
142391831
142396308
142459572
142481631
142487003
142577882
142663884
142674158
142676470
142766648
142830272
142917270
142992086
143024006
143052223
143107250
143190168
143279287
143352231
143451943
143456249
143534780
143623741
143625557
143674678
143732509
143765892
143839310
143885426
143941954
143943351
144005546
144073044
144110847
144123255
144222945
144233883
144281998
144370788
144396208
144414040
144503257
144545238
144576035
144586253
144645254
144677943
144726707
144804788
144901176
144915657
144988788
144994155
145007366
145044142
145086655
145171032
145234893
145253284
145297459
145301814
145360085
145427312
145430309
145437737
145509894
145553329
145570484
145586698
145648669
145730633
145791568
145839355
145885951
145902683
145906245
145993218
146032713
146131040
146226541
146299922
146336332
146340892
146431192
146478437
146571191
146649284
146720092
146720279
146730847
146738101
146751302
146768760
146803021
146821870
146865119
146943817
147036309
147116924
147152014
147244281
147265878
147334172
147406544
147428902
147446150
147462295
147523224
147587914
147610579
147615661
147710054
147733682
147788104
147864980
147879811
147910270
147932294
147981599
148020793
148065932
148138880
148231555
148288183
148304883
148395628
148430899
148489103
148524287
148559804
148567816
148613565
148660808
148737705
148749386
148766724
148774078
148782874
148821824
148891753
148925742
148998750
149053659
149142044
149206285
149268911
149282494
149299271
149384038
149421738
149466368
149509862
149545488
149549608
149632178
149718714
149774093
149845553
149853108
149882054
149904250
150000265
150090571
150095983
150116412
150119711
150150806
150174171
150212302
150261364
150328311
150407208
150415202
150503498
150582003
150590675
150613723
150674786
150700913
150762054
150785763
150787592
150858299
150859813
150879197
150887452
150943598
150980511
151028335
151124886
151147753
151226909
151254420
151338547
151434061
151505533
151521906
151578180
151655907
151672602
151727991
151749033
151783181
151822170
151918998
151987411
152022739
152100732
152123543
152217735
152258627
152269020
152325153
152382673
152481730
152486319
152585390
152608008
152678308
152761065
152837027
152923824
152982188
153006481
153071523
153085810
153096562
153192649
153227662
153280442
153348240
153371661
153437263
153444863
153447726
153507602
153584459
153624287
153650165
153690207
153750106
153758562
153850057
153914271
153955679
153958544
153994095
154080675
154161489
154196867
154207103
154230702
154260448
154346716
154396477
154483737
154521858
154547976
154558424
154645775
154693940
154782804
154830046
154871549
154901316
154910178
154932409
154990817
154990819
155044726
155099316
155106526
155190207
155263665
155333878
155432838
155467419
155502673
155600135
155629155
155693382
155735070
155784987
155879026
155899732
155905072
155994416
156045395
156053983
156089836
156121887
156214518
156225467
156283741
156322420
156416969
156421808
156454482
156497424
156544977
156603103
156606455
156637734
156654965
156661810
156738736
156755729
156804256
156876157
156963957
156983408
157069720
157086241
157129646
157177026
157261498
157297393
157330315
157393807
157470692
157532568
157624311
157641403
157656989
157724158
157749770
157823133
157857100
157956134
158029339
158058991
158083823
158137535
158231039
158235672
158271535
158309672
158355156
158429490
158512138
158587629
158589741
158649789
158695033
158767418
158834865
158908355
159002641
159049510
159132743
159227938
159309577
159359408
159382521
159446597
159489603
159584465
159598894
159685192
159723664
159744525
159812701
159853685
159880581
159960307
160003164
160071549
160133559
160184496
160252314
160341264
160417743
160427853
160506145
160540980
160633187
160655990
160695186
160702786
160705831
160797273
160869642
160899088
160908446
160924014
161001036
161091698
161109589
161116102
161191800
161260163
161296518
161300184
161336325
161432418
161463284
161546298
161596074
161621865
161675003
161729425
161753601
161798988
161846392
161878525
161970599
162026832
162104054
162170885
162187298
162280959
162313846
162338678
162405902
162503523
162555824
162653252
162701597
162711354
162768039
162771150
162842100
162907609
162917132
162954384
162996069
162999899
163016519
163060429
163124561
163132825
163163114
163220063
163275478
163364696
163383297
163481977
163493641
163593082
163686609
163758617
163802548
163814502
163912836
163928823
163942204
164040025
164092221
164157085
164200969
164299426
164303629
164312060
164360119
164430410
164447306
164462420
164527518
164591696
164675495
164768706
164832363
164847356
164918065
164950898
164988204
165030374
165033162
165042102
165082700
165088822
165116694
165193707
165218573
165241924
165305310
165334958
165351076
165423812
165497373
165519812
165603147
165643874
165700263
165745624
165791408
165834484
165858832
165920495
165998625
166021354
166048584
166112505
166172890
166245461
166286458
166326226
166425825
166518985
166539129
166632664
166695879
166727374
166789213
166813238
166873435
166952549
166991685
167045583
167132744
167226743
167275061
167295651
167353728
167385519
167463343
167482999
167528805
167577585
167659388
167670139
167769054
167826521
167889535
167894458
167980261
168000841
168037050
168123956
168160199
168208149
168235036
168255149
168326664
168351784
168398970
168413831
168433147
168526889
168598268
168646931
168730927
168767798
168770924
168861385
168960995
168978380
169066832
169087598
169154776
169203292
169229807
169259531
169280825
169289959
169338137
169408966
169465292
169475616
169555859
169649414
169748678
169805276
169859613
169911120
169975411
169982884
169992161
170011443
170036717
170105965
170107050
170201242
170245487
170247855
170263609
170337542
170355865
170412688
170441552
170481581
170489038
170527546
170563710
170574267
170612405
170695438
170737234
170819232
170831877
170904220
170909582
170940226
170949513
171042780
171119195
171145808
171162854
171179336
171265373
171296711
171391059
171456899
171548632
171621386
171697909
171748211
171810522
171847641
171852087
171877484
171906634
171995631
172071759
172159657
172215612
172252929
172293692
172357051
172371975
172470774
172474439
172534512
172597309
172676916
172759045
172847545
172852041
172854959
172905467
172941872
173000635
173080726
173082495
173151700
173160601
173227371
173278707
173366587
173424590
173443571
173474863
173517109
173585881
173608202
173686012
173773884
173825125
173831402
173860917
173868676
173959111
174020615
174042557
174077246
174135322
174195745
174237085
174240389
174262197
174358178
174432329
174435043
174466473
174471259
174494280
174569743
174656444
174736404
174827585
174870720
174895967
174905436
174959121
174988309
175050314
175143559
175199016
175273684
175345810
175421360
175483781
175514850
175561283
175632179
175644651
175741237
175797925
175832608
175882500
175954185
175965316
176002055
176038097
176084990
176137547
176148942
176163008
176199371
176245345
176266382
176363200
176458343
176538784
176580405
176666496
176765430
176842627
176919757
176932647
176997380
177051139
177148959
177229644
177300026
177360936
177390551
177432440
177478484
177569508
177573057
177592537
177637130
177724045
177823842
177868056
177955814
178025025
178062026
178065655
178090637
178121794
178129506
178228195
178238270
178297636
178345331
178442335
178504641
178514232
178574163
178638659
178644588
178694669
178727358
178737637
178738168
178757827
178809626
178870173
178928397
178969842
178973094
179019817
179021829
179045939
179132113
179174670
179203203
179209289
179300333
179300946
179329389
179413224
179462089
179494650
179583059
179596931
179661109
179702264
179717413
179816151
179910389
179922061
179940004
179991509
180036076
180085337
180115397
180141361
180168903
180230960
180257853
180282667
180304841
180348584
180416635
180466567
180493319
180592450
180615513
180694892
180764535
180788192
180859085
180866876
180941634
181001873
181100235
181186275
181203640
181212608
181305154
181340724
181362912
181380908
181440805
181482361
181514994
181578757
181649673
181709020
181781055
181824170
181866773
181874186
181878994
181924450
181950964
182033601
182104632
182183454
182194089
182289763
182322099
182342631
182390154
182472339
182482085
182502393
182590362
182679392
182734903
182775881
182793970
182853395
182903204
182956671
183037156
183131537
183154339
183165927
183193391
183230600
183301793
183330238
183374187
183421339
183475417
183555871
183558975
183601251
183697433
183779848
183836255
183859171
183929216
183976827
184069964
184146153
184163387
184248223
184278892
184351597
184442592
184528863
184593358
184627929
184662425
184694601
184751061
184825555
184898842
184989915
185011641
185085251
185137780
185179203
185187172
185203041
185271299
185278132
185301162
185346949
185356701
185394950
185472942
185554496
185585765
185614954
185692139
185753074
185842404
185914109
185985958
186001791
186054961
186090050
186159342
186254701
186283185
186349897
186355944
186448880
186459324
186518746
186617326
186618211
186642231
186737863
186805830
186833130
186849370
186858900
186949618
186966384
187030594
187119091
187214611
187231641
187311227
187325078
187396686
187495846
187551658
187647453
187746935
187811289
187849009
187931410
188022160
188062481
188093108
188192823
188291520
188360238
188375159
188388073
188410962
188428434
188474762
188499647
188596030
188601868
188667212
188703241
188784977
188856414
188874892
188928149
189022284
189097238
189182115
189235263
189326596
189417132
189417298
189463781
189536569
189596013
189605317
189608482
189640148
189700118
189769409
189781694
189781860
189831921
189837215
189839838
189902198
189922084
189933502
190024994
190081331
190135952
190174879
190216119
190271490
190298581
190327328
190386153
190455501
190508766
190569838
190613583
190658679
190694287
190755615
190796246
190837488
190886107
190975801
191016835
191098949
191131117
191206750
191251269
191296364
191365206
191447485
191503829
191572200
191601583
191640767
191724702
191787819
191852349
191883335
191976308
192044567
192143651
192198906
192262148
192285268
192364859
192390962
192414322
192428669
192492568
192508681
192592242
192665869
192717738
192796221
192842317
192846536
192919803
192994759
193028991
193057662
193089550
193174083
193267139
193292201
193332450
193383511
193417017
193444120
193449847
193488687
193512090
193575615
193581108
193637358
193643968
193720222
193803750
193817323
193845243
193884040
193958444
194002862
194073033
194106720
194134700
194178484
194191788
194221117
194307416
194398570
194493174
194506440
194595210
194690722
194736823
194800953
194866662
194903303
194933744
195019223
195044051
195139475
195172800
195199229
195272819
195296691
195325038
195394123
195493382
195533079
195565015
195659919
195695636
195748646
195801702
195843227
195908313
195917921
195921165
196013090
196099966
196121228
196125107
196194294
196281046
196318305
196388236
196401981
196431263
196481308
196563966
196662651
196704240
196776283
196807225
196893507
196905345
196920845
196924142
196966500
197007954
197062288
197103859
197116025
197130003
197151270
197157719
197243421
197293568
197352683
197437902
197493373
197507752
197580771
197678225
197751487
197799519
197816403
197841161
197860957
197932616
197991640
198054387
198099440
198157216
198181285
198259876
198312545
198367085
198392534
198437949
198474407
198558286
198564989
198613026
198691750
198734238
198739435
198772166
198806060
198884673
198930530
198987038
199061016
199149562
199187959
199195469
199287210
199341325
199393156
199399121
199468120
199554188
199650997
199680341
199732463
199744732
199832528
199926736
200003101
200031681
200041523
200046165
200075110
200107289
200108717
200141588
200208131
200280523
200304034
200352133
200399514
200431449
200531017
200585219
200619398
200700755
200776135
200858620
200921129
200927113
200982826
201014726
201086405
201121329
201155310
201212948
201269101
201276261
201336160
201387084
201416832
201470810
201517213
201551389
201604286
201658190
201715698
201800734
201833710
201844023
201849373
201941245
202026174
202107346
202201891
202227087
202279781
202310651
202403279
202495721
202526920
202559526
202579922
202593514
202675724
202773486
202870939
202963175
203037376
203124221
203130290
203136346
203162361
203241194
203326926
203374774
203453424
203504754
203599516
203617218
203706352
203737283
203774483
203857950
203878387
203959694
203999861
204034245
204062375
204067543
204117871
204199459
204206878
204224738
204226118
204237331
204253884
204283320
204307110
204394626
204410548
204480198
204521120
204533321
204610551
204700981
204749239
204832974
204868137
204888221
204908596
204922646
204971959
205046487
205112138
205173267
205271901
205346473
205436129
205489792
205583245
205669959
205738772
205753358
205850833
205917876
205973606
206038141
206132893
206207256
206236066
206299050
206330240
206364184
206438027
206526006
206553067
206635936
206693993
206719822
206769045
206821177
206875967
206952071
206992140
207039413
207126793
207141504
207192560
207250157
207313717
207403431
207428946
207474817
207475127
207543059
207562653
207611178
207628667
207682517
207704240
207786550
207873582
207926665
207970425
208057149
208067029
208111708
208209064
208234096
208273157
208318917
208385655
208386760
208484968
208511651
208562831
208652471
208745855
208831039
208865651
208930845
209029023
209121793
209173078
209212216
209229886
209286734
209385282
209386171
209464673
209465761
209488335
209556709
209615170
209697020
209698516
209756044
209817440
209909139
209971252
209981955
210079558
210143953
210167814
210170982
210173757
210196895
210285245
210372106
210470046
210496075
210509296
210511819
210562141
210656184
210742564
210745121
210754872
210818350
210870922
210871924
210967780
211049037
211086960
211090509
211116277
211152018
211238609
211316830
211346517
211411054
211474651
211540887
211593305
211665259
211686490
211761933
211845319
211927047
211982247
212049503
212094196
212162013
212251678
212278204
212365444
212429614
212476622
212563521
212602388
212671141
212699455
212717741
212816709
212835910
212863823
212932453
212969358
213016274
213045636
213102615
213115882
213188509
213203006
213226113
213226920
213295669
213342699
213439223
213490112
213538877
213633178
213642529
213700505
213720355
213763477
213831651
213930013
214015427
214086166
214153986
214239666
214276026
214309602
214355897
214452413
214482331
214507683
214552374
214598285
214605421
214647288
214710349
214753394
214849535
214893678
214951731
215023841
215027776
215111857
215170634
215220246
215241301
215260661
215325134
215361694
215455833
215549324
215643671
215695392
215792028
215873879
215892239
215936309
216035435
216130401
216186386
216217945
216265523
216326266
216361309
216387482
216470541
216511384
216590951
216633038
216682147
216683069
216685214
216783396
216802215
216826203
216883055
216932103
217024472
217040654
217136596
217222139
217305923
217328888
217350731
217424159
217446173
217501865
217526942
217590419
217602283
217635181
217661826
217712471
217769413
217800083
217897384
217924404
217947781
218025797
218053831
218111536
218123949
218161563
218195298
218249937
218311658
218377575
218433976
218461687
218513218
218542431
218587960
218617146
218708934
218776397
218833232
218896768
218972738
219057440
219156447
219166380
219193280
219207414
219274269
219367214
219445670
219519063
219601356
219699096
219733646
219817792
219907511
219922807
220020082
220036329
220086062
220145870
220166435
220235949
220296999
220332142
220346660
220351057
220416080
220428922
220435614
220446368
220512096
220571298
220618130
220681342
220764212
220787532
220871737
220929367
220935124
220954950
221023334
221055828
221104200
221177264
221268514
221289054
221356712
221440869
221510676
221593415
221681890
221764513
221786593
221841018
221899588
221949925
221996387
222083483
222176849
222230734
222310555
222366309
222410364
222442594
222516341
222559203
222579380
222632733
222663827
222763656
222834988
222880910
222929203
222954406
223014803
223028895
223048766
223084512
223103830
223157754
223202721
223289154
223310958
223407296
223480848
223535248
223565632
223630879
223715230
223804159
223883333
223933556
223935393
224012233
224099169
224194609
224225266
224262529
224346664
224435319
224515247
224556777
224628683
224652351
224668955
224744096
224835772
224934389
225003420
225080958
225133525
225176752
225191934
225200975
225203497
225279925
225287345
225316843
225372442
225437581
225459731
225546189
225602681
225628904
225688065
225747554
225763651
225788066
225823128
225828149
225921499
226005024
226097782
226161165
226178143
226211504
226245003
226268649
226270449
226334465
226363072
226419552
226507048
226513849
226525114
226587075
226678080
226678423
226773107
226792047
226848059
226900725
226954828
227016339
227062912
227143286
227221372
227275291
227332655
227394366
227483805
227577965
227647046
227728573
227734407
227795412
227880106
227947235
227986195
228006043
228091040
228186905
228278023
228305083
228309461
228313002
228320968
228339653
228351731
228357268
228410510
228414995
228478552
228525034
228578928
228657463
228670538
228753550
228771684
228841206
228861650
228951325
228975297
229063003
229155481
229243144
229269747
229323801
229392799
229426394
229431917
229493050
229555614
229645199
229662638
229663800
229742728
229788970
229793542
229854056
229856825
229888450
229903970
229915415
229922992
229934871
230026820
230062867
230160504
230218882
230296099
230365800
230404063
230453117
230487287
230566736
230620671
230681678
230739188
230830226
230890464
230909598
230987799
231041999
231057475
231085068
231103673
231174471
231204569
231287432
231322960
231326223
231359338
231430049
231475230
231523968
231556823
231580450
231645841
231675120
231750958
231836715
231865506
231882637
231948472
232003802
232087015
232132435
232146818
232165111
232220849
232250592
232281273
232329568
232376161
232423766
232482924
232538463
232610570
232691799
232744966
232796800
232890018
232913429
232924605
233012866
233026250
233041438
233049904
233074841
233093912
233187887
233193047
233224517
233319399
233403843
233481224
233545695
233573344
233573500
233573609
233658783
233732291
233793405
233877543
233961529
233977693
234047105
234052177
234069279
234097154
234101471
234109787
234193726
234286563
234309945
234375019
234434519
234464532
234477038
234569145
234584431
234621965
234692769
234736227
234826091
234844637
234889860
234939539
234953695
235006804
235081663
235110054
235183837
235252689
235319419
235408516
235436113
235507229
235581252
235676574
235731638
235806140
235836943
235875487
235897604
235960777
235994156
236031872
236123691
236210239
236216507
236309946
236314183
236367247
236389082
236398514
236434990
236484348
236497197
236523075
236540743
236626756
236673636
236719514
236769522
236841424
236852268
236905489
236950498
237017758
237112569
237112956
237212652
237312166
237320677
237332475
237387831
237477247
237504621
237543817
237546091
237584426
237626318
237704173
237756256
237794900
237804652
237873105
237874242
237879997
237907666
237976263
237994986
238062503
238140045
238215123
238230536
238322443
238408988
238457381
238541233
238617821
238680681
238747789
238840846
238842677
238900998
238906486
238912948
239011831
239076298
239097007
239191992
239242536
239306890
239373453
239393817
239487667
239553892
239581814
239610195
239643355
239712330
239730438
239754340
239842364
239922420
239971429
240025638
240042247
240137366
240183475
240211975
240268760
240287356
240377341
240466217
240493621
240542659
240603854
240663709
240749609
240807635
240872851
240899419
240927098
240974517
241028811
241120907
241120965
241161696
241247135
241307747
241358948
241394915
241440628
241446089
241504730
241516878
241586661
241631953
241636525
241669415
241702728
241776513
241872850
241914243
241919120
241946116
241991129
242083319
242108089
242140324
242186637
242223385
242317412
242406066
242489990
242534599
242548831
242613638
242625505
242700854
242754273
242834553
242901954
242905807
242977107
242982753
242986574
243075683
243108716
243115870
243189610
243252517
243311828
243327769
243350125
243360140
243420694
243438529
243468545
243473527
243561096
243601017
243629077
243712218
243771087
243818030
243847839
243938186
244013631
244090418
244161780
244255018
244343858
244441179
244479637
244547036
244556405
244559012
244642226
244667843
244715619
244779605
244811093
244820358
244918155
244971399
244977475
245054701
245122503
245192092
245224337
245236880
245273120
245337953
245353561
245353570
245380826
245421176
245483430
245521990
245610350
245638733
245735442
245821990
245907255
245918902
245957731
245999054
246086139
246134615
246163633
246210394
246272860
246348976
246417895
246431393
246528378
246611226
246635194
246638104
246639395
246704301
246742930
246771469
246808843
246875765
246948008
247033850
247065463
247112273
247189304
247241283
247315624
247316987
247376908
247379822
247390491
247479013
247489988
247543298
247591923
247614546
247709366
247765296
247798557
247888830
247909262
247970000
248066018
248105851
248139361
248223078
248288308
248365750
248432718
248510816
248523447
248604656
248615382
248673105
248755311
248838062
248864780
248928835
248987397
249051487
249120823
249201446
249294155
249386148
249475528
249481608
249578025
249584617
249636043
249644327
249711579
249715354
249776747
249829553
249927954
249975580
249976752
250001184
250034127
250082482
250123862
250142875
250219786
250252654
250338867
250346064
250389958
250433113
250503661
250538228
250562418
250580238
250587116
250655652
250692788
250712586
250726091
250800574
250875774
250960667
250983946
251013418
251071277
251160561
251229398
251318644
251362862
251428685
251513552
251561070
251653858
251728787
251793894
251808305
251886118
251937412
252004456
252056007
252061230
252133310
252219252
252302774
252351930
252414302
252438755
252461645
252485721
252565250
252632615
252651380
252693093
252778607
252842192
252876935
252965637
253000152
253087557
253114779
253146169
253186152
253257387
253295326
253319155
253350506
253378283
253398297
253429175
253442593
253472431
253496397
253560298
253566117
253625913
253699055
253703230
253787268
253794781
253877608
253968572
254006245
254020155
254036584
254040837
254137346
254141521
254168874
254227813
254261795
254342392
254388962
254413347
254469734
254511666
254556135
254588131
254604433
254688896
254757077
254803731
254856854
254922883
255009293
255033456
255105152
255135596
255136772
255150759
255162721
255243100
255298223
255381526
255421289
255445865
255497783
255584969
255656515
255698307
255784603
255810974
255820497
255867053
255908297
255949813
256014155
256101974
256152505
256170215
256223518
256249184
256343361
256383647
256430541
256496723
256560859
256660689
256662771
256755164
256790836
256817849
256862610
256917295
256935418
256953557
257003744
257049810
257085309
257096033
257166490
257239554
257288303
257387172
257458895
257545246
257552614
257652113
257743952
257823449
257872036
257940795
257999831
258078204
258168651
258179906
258277627
258284084
258302634
258325074
258360638
258429357
258510596
258520340
258543021
258551114
258583780
258594852
258650142
258697080
258782074
258838378
258847671
258880723
258899388
258950293
259021320
259031512
259057884
259095417
259112886
259200586
259241463
259268883
259338628
259354067
259396762
259494502
259575154
259674334
259681022
259721815
259736018
259759551
259847439
259896321
259948374
260024400
260120937
260173951
260249771
260302019
260334354
260410457
260429116
260448788
260542136
260563564
260646593
260658396
260673000
260678167
260682526
260772811
260870096
260943719
261039370
261057034
261084334
261091020
261105523
261169816
261183802
261198268
261291517
261343809
261352929
261356948
261425007
261477124
261511267
261521995
261572225
261585933
261592181
261691168
261730812
261760259
261811979
261835737
261844405
261925300
262023860
262122455
262221457
262274677
262319911
262408015
262506886
262582529
262620058
262708595
262726021
262786782
262793840
262873787
262904276
262955823
263021310
263039187
263120386
263132743
263210732
263235193
263307924
263398599
263474926
263526407
263535865
263544361
263550535
263590675
263687306
263768692
263799042
263825541
263845090
263863891
263870841
263935943
263985165
264054993
264096124
264175011
264196424
264215719
264239546
264280361
264280582
264361175
264421970
264514238
264582158
264594869
264664303
264691787
264786600
264833547
264914850
264979810
264984933
265049821
265147258
265234886
265283548
265297013
265320104
265320716
265417517
265509803
265514925
265533790
265612690
265652500
265742536
265755343
265832592
265877568
265946635
265971960
266052225
266131906
266200913
266227291
266310106
266356526
266382981
266447364
266469973
266492041
266547488
266640947
266710231
266773319
266828263
266898929
266925892
266926217
266938893
267010279
267032268
267059764
267150722
267229497
267288879
267347780
267440938
267450123
267513546
267539152
267601988
267623781
267661958
267675954
267735270
267761505
267838547
267882198
267932844
268014757
268105088
268204020
268264144
268291498
268302732
268340044
268359459
268407289
268462330
268556528
268595675
268636004
268722211
268772162
268784368
268864577
268921108
268982137
269039080
269060818
269098894
269151588
269168818
269179529
269200978
269295464
269374856
269440173
269507566
269568825
269601402
269625466
269671261
269761928
269842729
269889639
269950026
270028320
270107671
270188985
270250179
270339915
270405926
270497378
270554026
270603142
270691791
270738539
270776311
270778262
270792089
270849445
270890888
270931709
270936510
270954920
270981722
271078621
271131611
271204079
271224791
271267206
271284357
271300890
271330717
271387821
271421526
271481023
271510660
271593755
271638860
271705494
271714132
271734028
271766203
271826566
271888889
271908432
271959603
272037433
272117769
272124578
272130020
272142541
272171233
272228677
272280386
272309035
272327860
272339480
272353669
272430956
272515324
272600234
272684404
272761533
272819289
272865377
272869898
272929923
273018187
273042689
273102484
273189273
273196039
273275006
273350224
273398817
273442156
273458818
273551775
273613755
273688260
273778999
273862146
273933696
273961386
274010016
274053305
274126041
274198489
274226230
274252934
274333892
274358153
274403795
274435159
274443804
274527818
274527836
274548532
274573141
274657327
274739294
274744107
274834907
274853354
274880966
274976488
275028627
275112392
275120454
275125638
275171404
275233900
275291577
275377223
275406660
275463304
275479184
275498929
275539332
275572388
275652700
275727166
275766189
275807294
275896868
275990817
276021932
276069980
276137404
276168397
276227788
276282742
276338375
276421435
276474666
276505954
276582744
276597654
276625453
276675402
276701210
276762360
276849476
276898928
276902404
276963403
276981530
277016558
277059649
277124714
277155519
277220694
277278525
277340438
277399966
277455131
277549374
277597615
277657672
277713704
277766151
277803703
277838314
277903043
277956368
278044750
278054036
278062631
278074678
278162018
278201423
278209281
278302033
278317946
278363816
278454276
278461523
278486600
278538395
278585997
278640582
278676244
278724592
278821894
278855796
278939862
278998448
279069331
279097674
279179847
279182988
279206778
279221381
279269211
279354304
279432260
279464259
279545649
279568380
279629462
279707188
279803590
279862287
279894211
279944510
280043888
280044654
280078272
280137245
280179742
280257710
280305939
280399424
280470146
280482071
280560371
280650317
280743736
280756083
280800404
280822785
280901761
281001408
281066728
281157418
281204661
281269960
281289621
281338413
281406466
281419353
281495050
281532651
281565056
281605401
281668360
281739513
281814439
281825608
281897599
281956364
281962960
282019594
282094120
282104871
282109886
282158780
282239443
282322612
282391561
282407613
282439193
282474639
282567409
282575695
282607763
282625736
282639783
282695978
282768042
282792015
282812926
282846813
282848582
282849911
282923878
282972044
283002320
283045575
283074978
283098833
283099177
283172487
283178060
283260215
283286980
283354748
283413398
283460858
283490520
283580287
283666676
283746914
283811186
283865072
283939174
283972077
284006738
284013540
284034130
284120390
284127037
284197668
284245966
284291989
284384839
284398760
284487382
284564534
284576161
284596877
284694455
284732814
284781957
284859178
284951313
285038270
285116592
285119344
285128640
285132528
285224677
285234215
285313887
285334845
285433729
285463554
285541201
285612736
285707964
285733089
285827271
285915554
285935087
286032552
286055359
286097279
286153275
286205894
286272552
286276097
286338783
286419084
286496904
286512610
286526803
286609867
286688399
286728153
286742020
286747125
286807775
286842571
286893523
286944350
286969035
287051559
287064322
287079297
287142601
287162383
287181899
287266789
287333181
287348319
287443361
287519878
287530847
287624372
287678524
287777408
287861353
287908314
287913357
287943551
288016854
288045240
288115670
288162568
288246633
288320154
288406869
288421935
288465433
288478361
288514015
288540914
288568770
288597804
288651570
288653407
288750302
288757219
288764187
288775575
288850411
288920492
289013628
289034467
289068387
289082108
289123508
289149764
289197320
289214705
289296112
289376268
289459258
289470175
289500857
289560108
289628898
289672415
289707674
289795841
289828342
289852925
289937599
290026989
290119945
290162563
290253590
290351088
290367450
290370881
290451126
290525983
290540483
290610809
290639638
290691894
290783595
290784965
290864384
290887572
290955802
290965524
290966486
291011255
291014742
291074483
291076208
291095945
291113537
291132565
291137745
291165050
291218499
291294148
291320772
291322877
291421245
291424577
291482886
291487992
291586065
291644904
291744728
291792194
291792402
291886348
291895137
291948783
291982115
292037174
292058863
292097605
292123279
292208394
292296989
292393625
292449491
292526016
292615248
292654951
292671127
292692336
292711152
292810824
292883469
292922679
292963717
293005835
293075936
293090588
293174184
293264769
293279469
293299769
293359994
293416527
293447459
293459220
293537881
293564389
293597469
293637337
293696282
293748254
293829136
293922114
293995968
294026428
294036921
294132994
294197508
294206904
294282539
294293579
294374240
294441794
294517053
294519528
294567767
294572701
294598307
294618742
294714851
294742471
294760242
294784470
294868094
294948097
295039684
295056874
295083219
295140234
295211050
295239351
295331243
295385575
295473095
295517773
295593476
295638858
295713114
295790464
295877365
295913632
295985244
296068254
296098628
296146619
296173124
296189658
296242167
296247069
296343016
296405419
296440611
296452664
296481249
296557814
296568226
296654075
296655522
296671975
296753046
296846134
296847506
296926790
296939453
297030390
297097429
297106100
297187096
297214711
297314270
297315185
297321717
297364405
297444425
297479572
297515610
297516445
297584423
297671045
297691521
297790510
297888150
297924636
297957626
297978662
297978810
298059661
298116227
298147411
298234240
298331124
298399633
298460659
298504672
298597252
298597657
298685229
298728932
298744344
298793077
298826427
298869435
298950932
299014533
299045866
299107784
299162333
299201859
299249822
299307660
299341889
299411942
299470530
299542159
299606459
299670413
299671116
299763818
299765011
299795918
299827514
299911778
299969961
299971079
300028154
300071383
300099646
300196319
300208584
300305298
300331237
300397095
300427976
300486247
300516236
300556620
300619154
300632219
300716983
300724506
300728014
300807476
300905864
300962674
301014844
301107598
301156857
301220412
301261735
301326005
301341218
301399797
301494802
301593931
301666189
301680989
301768352
301857900
301872350
301972346
301975739
302071518
302137898
302149473
302241311
302278018
302281478
302342267
302406240
302446837
302486436
302581740
302613798
302711694
302795162
302891288
302979882
303015201
303037076
303103655
303132814
303150209
303168210
303200312
303253066
303265263
303338310
303392271
303462359
303495879
303536692
303604092
303677978
303710299
303712150
303798647
303842621
303908847
303953662
303999677
304070082
304106835
304151505
304227752
304235230
304257265
304318819
304393599
304463033
304502659
304589370
304642462
304669475
304739814
304816695
304847431
304916420
304984738
305084249
305123762
305172140
305239111
305288331
305342422
305439267
305521801
305595174
305639254
305726154
305818501
305917076
305954944
305993610
306038139
306122326
306171419
306216801
306263943
306281220
306318630
306375745
306383178
306411682
306457168
306481271
306520446
306574509
306599969
306650627
306681926
306751508
306773718
306870701
306924374
307012227
307087635
307182944
307220414
307249467
307285591
307378155
307444505
307444787
307465279
307474132
307570575
307609557
307625204
307647136
307665837
307759289
307845202
307936364
307944137
308007777
308028934
308126871
308164127
308253481
308262941
308345097
308381757
308427581
308510456
308599433
308662389
308670313
308712595
308742538
308769575
308779126
308857827
308867358
308966126
309046559
309127953
309132552
309190503
309286481
309289176
309293948
309369734
309468799
309517557
309580568
309636089
309728080
309775025
309822153
309908201
310004093
310023136
310039569
310106295
310155925
310158970
310167979
310232330
310246105
310279770
310321893
310378722
310396018
310431958
310485907
310534627
310602234
310609264
310690086
310754863
310848587
310857235
310898150
310986798
311028306
311106749
311142261
311220459
311278390
311328107
311367135
311436126
311443956
311456090
311495083
311538619
311595428
311683328
311751667
311840743
311888082
311919132
311961291
312050448
312104534
312138602
312143904
312214206
312237770
312336760
312367404
312389051
312483422
312574158
312584192
312611257
312695093
312697789
312737414
312745016
312825767
312905794
312949654
312994776
313045039
313092575
313141193
313207577
313285009
313325708
313415075
313456778
313529075
313554713
313572440
313585701
313589985
313620716
313663360
313720152
313815578
313875842
313880778
313978503
314021677
314088506
314183752
314236733
314334135
314355086
314366585
314417038
314478444
314532943
314600968
314604261
314693489
314752266
314767345
314804926
314869691
314875201
314935779
315007662
315019591
315096930
315154887
315161780
315240193
315253129
315287285
315327613
315385918
315427358
315452654
315469755
315543224
315614876
315659345
315723989
315783967
315802367
315829088
315837350
315871012
315958046
316038225
316082780
316132695
316191990
316244368
316260318
316356626
316450697
316548025
316639200
316704048
316704164
316789580
316852515
316926277
317006730
317080231
317091705
317153625
317218170
317260104
317284558
317355479
317435717
317491515
317570332
317648526
317687568
317715823
317791754
317840780
317937754
317980336
318042058
318103913
318139063
318148398
318152182
318166148
318236345
318289357
318380183
318467709
318558283
318620728
318707239
318721519
318802490
318855951
318892276
318935752
319009990
319017522
319033687
319091759
319172189
319218261
319263853
319356237
319371624
319397481
319456770
319480546
319522269
319614274
319681447
319769055
319812468
319908312
319967399
319967843
320054225
320071107
320134877
320176610
320250393
320346064
320360356
320422310
320489073
320509217
320537476
320589624
320607465
320699799
320714282
320802664
320890183
320938205
320965581
320988039
321006602
321023902
321059613
321063244
321105334
321177815
321272769
321333651
321361065
321392568
321459102
321517224
321584653
321588441
321614944
321656494
321732733
321747653
321766612
321767960
321813437
321908663
321933305
322007916
322077744
322121813
322139243
322226543
322301863
322335043
322351084
322441177
322463117
322495626
322516410
322539892
322562732
322647407
322652085
322690372
322727822
322750741
322796201
322826994
322848141
322869491
322900417
322923886
322934112
323023833
323031895
323087006
323092940
323170294
323238429
323329089
323377959
323463414
323537012
323603417
323673686
323717631
323748863
323767346
323808689
323810061
323861180
323861889
323914854
323999280
324083896
324121737
324215213
324265866
324327593
324366780
324397899
324492233
324585183
324661667
324752419
324810619
324893505
324911463
325007939
325047470
325143377
325203981
325205318
325278908
325323632
325369740
325451716
325536686
325567257
325658080
325751582
325833642
325913502
325951450
326017281
326048502
326052357
326057710
326071439
326121819
326124584
326130461
326200508
326282668
326358875
326427520
326455183
326480600
326504954
326581805
326653033
326719269
326730276
326818611
326827898
326833524
326923227
326983664
327073566
327082706
327114744
327118869
327158395
327254171
327330277
327376647
327378913
327434828
327462356
327487154
327581310
327595151
327610267
327684646
327728419
327784073
327881741
327904733
327911565
327930564
328005681
328064056
328111069
328176325
328275878
328370983
328424427
328465682
328523743
328570096
328610252
328679243
328709839
328782141
328845990
328937376
328990394
329027018
329053360
329088744
329129965
329214677
329236601
329290725
329388098
329437207
329512970
329579412
329655236
329746912
329808549
329848830
329862809
329921434
330012920
330082396
330112613
330144434
330242101
330286840
330373467
330431044
330471799
330510377
330599256
330697174
330777009
330876225
330943499
330953302
331030183
331084682
331179527
331181249
331237527
331254924
331301560
331367176
331407586
331464402
331537982
331596747
331689971
331774031
331805267
331861575
331887138
331898548
331941803
331981309
331994596
332083085
332091667
332185517
332227746
332277188
332363575
332381669
332434532
332458184
332507981
332522752
332586346
332596476
332638053
332644314
332735629
332813366
332874058
332921537
332954610
333000770
333043637
333113856
333150132
333187330
333223766
333322886
333389978
333411139
333503606
333588760
333589374
333670753
333698138
333698492
333757128
333822849
333883790
333929126
333996092
334019701
334050405
334061982
334141955
334187429
334226064
334306930
334380732
334429190
334519608
334613920
334696021
334769196
334772128
334800903
334861246
334951238
334972102
334991479
335054285
335081553
335155022
335164049
335255361
335275437
335306750
335393024
335420682
335454784
335488626
335493385
335560462
335643176
335675906
335771055
335802612
335817086
335890729
335940772
335998762
336056903
336061532
336150503
336214033
336271492
336277476
336283928
336365496
336407114
336451767
336494249
336536615
336612903
336638017
336694062
336775460
336840331
336884522
336953965
336976097
337058533
337068994
337116229
337192726
337202466
337222282
337236816
337263806
337268025
337269858
337275163
337348625
337421679
337483567
337511209
337560266
337584883
337674601
337741435
337774743
337800305
337855084
337878937
337911361
337978942
338041768
338074233
338081491
338165823
338204204
338282985
338371789
338383303
338390988
338471294
338506895
338576187
338596677
338692932
338760462
338847665
338919951
338982953
339014115
339022801
339066044
339068135
339156602
339210470
339283289
339362272
339392969
339429428
339490304
339568272
339662384
339715202
339749101
339835401
339879733
339936334
339996823
340034317
340042357
340131479
340195747
340219170
340221229
340239038
340262303
340316458
340326861
340426401
340444899
340490174
340561405
340631651
340682983
340700496
340767217
340801659
340858440
340872380
340948491
341018773
341087837
341118903
341198315
341284004
341310261
341358735
341361216
341376533
341387377
341470380
341529564
341543968
341604923
341673627
341748217
341764794
341797272
341852412
341939067
341965488
342058446
342141898
342165298
342191565
342243651
342310679
342372735
342466496
342530239
342615069
342684797
342733348
342748464
342776047
342782931
342850585
342915199
342975163
343057564
343130611
343228767
343293877
343358170
343445866
343524164
343562441
343566525
343572180
343646012
343662518
343755619
343767199
343784005
343853881
343943447
343960828
344058291
344156149
344172495
344215901
344266672
344300369
344333170
344374938
344406527
344447021
344482002
344483094
344548726
344632892
344668059
344743618
344836176
344905832
344937316
344981478
345055874
345123231
345220915
345256330
345319634
345352315
345402354
345497544
345573400
345583382
345587933
345666320
345762248
345833383
345846096
345885903
345920061
345967185
346057415
346071886
346133031
346143508
346243310
346263765
346285465
346360781
346369812
346440947
346535602
346586224
346661555
346691206
346707659
346735577
346749519
346849455
346851908
346928011
347005192
347011809
347023798
347029508
347077257
347161112
347223347
347252388
347269070
347358480
347401438
347414177
347432294
347519124
347535398
347628994
347690821
347691168
347772787
347798418
347897682
347938910
348020419
348044736
348116956
348119580
348135097
348169378
348260919
348314072
348326082
348354853
348448844
348496187
348569262
348583795
348603678
348674822
348716335
348746014
348766524
348857701
348956539
349011732
349014830
349077877
349095223
349105937
349196454
349239224
349313674
349354502
349399015
349411808
349495329
349536265
349576906
349666568
349758340
349766735
349835733
349922953
349946225
350034657
350123350
350160119
350172723
350196502
350293479
350302605
350307501
350363718
350436433
350519020
350587582
350623474
350686170
350748788
350830372
350917146
350946538
350956925
350964909
350985535
351044762
351063562
351095685
351187803
351241248
351337020
351419954
351442052
351493303
351576475
351651826
351693132
351780974
351851330
351937792
352030390
352103462
352164380
352182396
352252019
352270026
352313266
352335497
352399661
352443077
352490277
352540650
352575262
352586086
352618499
352628870
352658087
352711228
352750222
352811506
352840282
352893507
352897888
352915067
352942929
352944146
353019840
353024674
353095100
353120902
353198387
353263493
353271514
353293150
353304239
353385721
353410075
353506906
353582353
353672336
353698629
353736052
353799117
353890325
353946739
353979033
354050966
354138571
354201960
354277208
354371547
354404147
354459544
354463467
354474912
354524693
354566573
354613324
354673399
354744609
354759992
354852117
354919458
354929970
354959502
355007567
355084915
355162679
355259694
355260846
355308763
355395516
355481154
355537457
355570098
355588450
355610457
355704454
355751126
355784496
355831290
355902323
355919239
355923982
356023979
356087136
356087562
356182245
356193205
356220516
356232271
356298702
356379576
356458653
356531074
356607371
356636364
356719669
356770840
356777450
356801316
356821970
356847168
356850415
356927639
356936840
356971529
357015178
357072612
357109781
357128595
357143499
357227604
357288801
357384414
357453616
357483535
357559409
357641224
357690561
357738389
357835546
357934933
357966641
358000604
358037146
358084950
358143402
358145247
358202560
358235533
358258099
358327240
358380125
358448748
358510223
358510838
358539694
358542419
358622534
358626289
358724228
358818003
358857477
358942799
359042178
359075045
359097450
359146322
359242009
359331869
359410598
359424876
359521336
359555900
359567950
359593589
359628366
359681677
359709817
359792673
359869978
359927072
359960487
360039409
360044516
360056255
360149782
360208223
360229162
360261476
360283585
360283599
360330401
360370111
360460928
360519115
360563818
360630044
360657624
360698234
360702623
360734437
360800698
360803989
360899717
360968825
361039804
361058657
361131977
361191028
361195415
361249511
361348967
361380942
361387246
361426128
361509925
361554135
361600188
361618770
361637027
361709346
361720245
361756382
361821491
361865132
361891882
361900650
361926373
362005113
362065481
362128415
362218869
362307930
362375467
362388022
362453375
362455224
362536695
362608872
362651213
362692220
362767876
362816946
362888382
362941724
362969206
362994610
363073269
363155565
363208727
363225923
363305461
363398399
363477670
363576315
363618434
363689926
363779137
363874982
363960807
364049912
364057527
364073934
364145980
364208056
364302974
364352493
364398063
364449016
364488412
364535956
364573858
364610858
364627220
364713985
364781132
364833482
364843834
364903451
364940413
365003208
365058922
365097393
365111996
365197539
365217359
365290766
365312453
365376423
365465130
365508682
365580939
365590396
365620410
365698028
365797575
365865107
365906876
365940494
365966276
366025127
366033871
366056007
366068003
366075795
366152538
366156288
366249886
366324383
366382736
366476320
366566809
366582186
366667488
366703000
366754608
366807811
366855989
366902801
366976555
367010259
367105998
367178648
367239887
367300045
367360902
367409395
367441237
367503520
367526024
367562879
367565604
367598357
367633380
367688185
367764709
367818942
367848502
367881370
367930041
367966555
368038456
368039324
368137265
368215591
368308942
368374018
368472062
368561140
368561671
368597368
368614268
368675231
368757691
368817198
368888687
368891214
368947825
369040029
369094110
369156209
369173421
369262947
369324326
369379534
369385598
369402137
369480204
369512699
369608745
369701475
369755072
369836547
369925338
369973763
370017728
370030534
370114834
370131784
370228099
370320071
370356699
370387134
370395481
370430611
370439652
370475641
370505232
370557799
370619779
370641018
370710276
370734990
370799066
370822806
370919981
370962171
371029360
371099508
371140309
371166281
371256330
371294933
371380128
371478403
371555275
371558662
371568296
371587225
371667897
371760304
371851431
371936777
371979109
372026197
372063395
372124376
372150079
372175129
372212017
372252122
372272376
372358739
372403457
372456081
372488275
372581332
372665376
372698547
372734387
372814682
372830783
372896695
372953726
372987478
373003492
373021984
373041499
373116366
373182370
373212625
373268334
373288950
373310980
373365342
373387613
373398885
373486789
373497978
373552122
373564274
373617853
373688066
373717771
373760607
373842456
373907868
373971492
373985313
374017253
374023793
374048219
374138346
374165636
374259987
374328803
374338733
374420275
374490465
374512171
374523664
374582766
374617939
374645516
374744470
374823049
374854051
374941134
374955909
375005217
375082383
375152616
375215967
375280600
375344710
375428667
375457350
375490257
375530585
375622682
375632836
375709909
375738133
375823425
375903451
375958920
376000821
376088445
376182164
376214825
376225182
376256762
376335499
376394333
376435366
376506759
376605385
376672938
376754009
376851860
376909258
377007678
377100199
377182343
377202256
377267496
377313388
377369122
377423626
377431199
377481995
377539558
377625677
377635626
377725428
377741334
377787489
377848835
377936206
378008002
378066072
378086830
378126736
378160597
378255441
378333302
378427058
378470855
378505751
378519619
378598660
378616410
378695722
378720786
378762562
378820045
378870054
378932389
378945498
378972620
379001473
379076256
379086007
379143387
379202370
379221603
379229573
379236449
379324793
379381098
379448542
379514203
379548809
379644012
379705517
379748297
379768843
379773663
379827044
379917717
379968051
380034678
380076406
380159259
380224082
380255005
380292505
380306798
380354002
380365878
380452270
380501493
380582261
380649067
380747579
380828350
380862547
380907006
380964238
380982445
381018330
381109892
381132617
381208117
381235121
381243954
381248786
381279477
381301904
381310659
381344208
381432615
381465585
381518155
381579578
381598583
381615455
381700797
381719430
381790562
381837453
381932339
381995508
382012385
382080655
382107813
382160562
382209091
382304774
382310253
382400557
382451786
382509054
382601330
382606635
382696897
382791077
382850344
382887268
382926445
383009500
383016046
383106481
383129882
383173656
383225202
383277726
383297574
383353606
383413536
383416796
383507788
383603614
383673980
383741983
383804569
383840254
383849875
383925903
383973833
384049600
384050226
384074469
384162140
384172294
384183508
384283050
384335460
384382683
384457124
384466498
384482815
384499541
384573930
384587345
384676411
384705531
384722263
384803116
384827201
384894705
384910484
384980760
385053367
385140255
385204282
385281700
385330244
385332395
385409732
385506292
385513708
385543816
385570172
385648137
385697285
385727626
385808965
385890192
385912846
385948065
385988704
386016514
386022976
386059942
386084707
386157460
386167545
386203545
386280473
386288190
386370087
386402874
386449450
386495463
386585653
386656062
386736670
386771800
386859644
386864169
386886813
386931703
387012061
387023391
387057135
387143690
387163985
387183057
387240194
387265186
387362680
387366680
387416093
387485386
387564422
387569894
387667758
387706948
387748409
387808460
387826756
387924895
387943804
387949978
387972327
388055585
388144019
388202276
388230958
388328892
388380576
388417085
388433182
388472977
388544792
388594288
388660752
388744964
388773708
388816547
388895126
388959528
388962858
389041276
389122110
389138272
389207270
389306261
389346472
389416193
389496694
389523781
389554594
389608677
389690146
389788009
389824965
389924625
389927547
389968369
389995217
390016610
390038098
390093050
390130469
390155871
390196359
390212226
390239907
390320797
390327976
390399199
390403702
390428118
390493442
390504409
390584373
390674390
390694994
390767558
390823026
390869195
390945134
390945245
390945832
390960212
391046206
391127162
391149993
391173455
391262041
391275682
391361286
391444455
391468309
391535041
391562843
391587131
391681772
391696250
391704210
391745891
391813604
391867792
391958673
391964402
392036817
392039475
392133700
392202584
392216432
392297046
392363093
392378428
392415096
392472632
392499890
392509027
392531452
392557442
392567272
392642183
392688405
392743455
392824786
392916823
392963044
392982588
393076538
393111481
393172365
393211554
393229456
393312855
393331772
393404828
393417431
393436915
393521671
393533716
393587966
393678869
393735020
393804627
393896887
393979956
394050965
394075583
394168041
394224912
394282327
394373846
394379162
394406116
394410574
394458233
394508693
394530963
394629398
394700870
394741537
394764333
394838060
394919190
394968417
395049985
395104055
395148890
395226816
395271736
395321092
395360032
395425110
395484840
395560434
395577696
395589039
395681551
395757729
395831597
395855992
395943045
395958659
396043749
396142557
396191756
396276366
396295995
396349175
396423090
396424501
396507441
396509520
396556197
396575369
396655193
396740541
396759907
396851292
396937856
396959422
396980942
397020295
397094595
397139252
397147031
397154822
397166555
397224803
397272330
397323255
397379151
397447074
397482665
397548677
397553002
397642777
397671854
397752959
397829810
397861814
397927710
397993997
398047067
398106758
398110794
398173480
398271103
398273646
398370180
398383678
398400259
398421161
398465362
398534535
398544357
398559215
398637805
398655197
398695224
398728075
398766189
398802400
398884992
398968812
398991102
399076443
399120456
399215806
399264946
399313469
399399660
399469690
399554107
399652061
399668008
399749605
399790960
399863549
399873517
399887622
399925155
399957798
400037195
400070573
400162537
400252709
400302930
400387457
400432379
400450813
400517342
400537230
400568685
400626232
400660328
400662172
400746683
400791954
400794029
400808762
400871712
400953274
401001509
401082211
401167197
401258835
401319798
401416130
401486030
401565976
401657189
401661368
401664547
401728264
401802234
401802603
401885066
401978851
402052742
402139527
402191035
402198095
402237190
402333280
402417810
402509937
402532903
402564859
402653337
402709587
402763951
402854830
402891198
402988222
403021813
403113926
403209165
403305052
403377723
403428365
403522245
403604424
403683078
403766516
403839350
403938928
403943854
404018218
404029093
404081004
404118554
404158379
404232098
404329827
404350010
404429516
404470534
404562880
404605387
404629525
404688325
404777515
404807799
404816205
404875125
404920745
404976123
405024219
405116014
405211188
405300735
405385027
405426024
405512519
405536160
405573442
405655378
405690364
405784786
405868275
405951657
405958718
406035047
406040919
406089341
406149989
406167397
406176411
406225733
406288532
406331983
406402194
406419860
406460186
406492185
406537977
406560026
406615577
406649179
406683712
406735340
406799756
406814868
406868382
406904311
406989107
407032017
407113255
407115294
407159776
407254070
407353626
407391257
407421765
407433058
407513650
407564456
407659829
407741712
407744765
407832176
407887949
407893763
407931517
407968472
408028338
408103621
408113102
408147278
408201933
408289487
408332533
408427556
408450313
408468859
408513002
408582606
408593844
408686640
408726386
408745106
408795131
408821116
408821643
408879904
408969848
409002918
409087174
409138799
409168455
409182958
409254131
409278148
409310205
409395710
409432629
409462792
409494945
409530471
409582296
409595748
409678053
409754226
409767501
409823358
409881912
409943844
409947467
409990019
409994789
410075968
410082750
410125190
410185657
410259229
410338459
410367542
410388432
410388936
410451413
410484154
410522049
